CameraParameters1:
  DistortionModel: plumb_bob
  FocalLength: [429.2203124376824, 430.4680403482541]
  PrincipalPoint: [323.4420058692536, 239.02708060539203]
  RadialDistortion: [-0.3213030131000852, 0.15013137027278098, -0.042637978824861276]
  TangentialDistortion: [0.0, 0.0]
CameraParameters2:
  DistortionModel: plumb_bob
  FocalLength: [424.5132676530116, 425.9632360370223]
  PrincipalPoint: [312.2679653391185, 229.24473229776055]
  RadialDistortion: [-0.32134112829002537, 0.14674472236913735, -0.039676650912622666]
  TangentialDistortion: [0.0, 0.0]
R_ci:
- [0, -1, 0]
- [0, 0, 1]
- [-1, 0, 0]
R_lr:
- [0.9999764274806268, -0.006403741436505863, 0.002477211879749082]
- [0.0064143736062299795, 0.9999701474963728, -0.004308123410720647]
- [-0.002449549820373604, 0.0043239116198966095, 0.9999876516707498]
R_rl:
- [0.9999764274806268, 0.0064143736062299795, -0.002449549820373604]
- [-0.006403741436505863, 0.9999701474963728, 0.0043239116198966095]
- [0.002477211879749082, -0.004308123410720647, 0.9999876516707498]
acc_bias:
- [0.13169078826904296]
- [-0.10661217117309571]
- [0.038661184310914615]
gyro_bias:
- [-0.0014317174120806158]
- [0.014581336877774447]
- [0.004002197468928498]
r_lr:
- [-0.2]
- [0]
- [0]
t_ci:
- [-0.1]
- [0]
- [0]
time_shift: 0
