CameraParameters1:
  DistortionModel: plumb_bob
  FocalLength: [427.9432303610905, 429.1163917587823]
  PrincipalPoint: [321.17049008106665, 235.87708846117587]
  RadialDistortion: [-0.32042703878785667, 0.14257001428567323, -0.035645245401772135]
  TangentialDistortion: [0.0, 0.0]
CameraParameters2:
  DistortionModel: plumb_bob
  FocalLength: [425.2043638092399, 425.8240399085164]
  PrincipalPoint: [310.22024057632314, 226.5657096533776]
  RadialDistortion: [-0.31621389192308036, 0.1270425006317354, -0.01914845514182222]
  TangentialDistortion: [0.0, 0.0]
R_ci:
- [0, 0, 0]
- [0, 0, 0]
- [0, 0, 0]
R_lr:
- [0.9999722359938424, -0.006964807035605325, 0.002649283758299085]
- [0.006977004647838437, 0.9999649736489331, -0.00462308137854154]
- [-0.002616992093844688, 0.004641437088376753, 0.999985804106306]
R_rl:
- [0.9999722359938424, 0.006977004647838437, -0.002616992093844688]
- [-0.006964807035605325, 0.9999649736489331, 0.004641437088376753]
- [0.002649283758299085, -0.00462308137854154, 0.999985804106306]
acc_bias:
- [0]
- [0]
- [0]
gyro_bias:
- [0]
- [0]
- [0]
r_lr:
- [0]
- [0]
- [0]
t_ci:
- [0]
- [0]
- [0]
time_shift: 0
